trials	endpoint_feedback	online_feedback	aim_report	aim_ring	rotation	instruction	target_angle	target_distance	size	aim_at_targ
1	1	1	0	0	0	0	90	80	4	1
2	1	1	0	0	0	0	330	80	24	1
3	1	1	0	0	0	0	210	80	24	1
4	1	1	0	0	0	0	210	80	4	1
5	1	1	0	0	0	0	90	80	24	1
6	1	1	0	0	0	0	330	80	4	1
7	1	1	0	0	0	0	210	80	4	1
8	1	1	0	0	0	0	330	80	24	1
9	1	1	0	0	0	0	90	80	24	1
10	1	1	0	0	0	0	330	80	4	1
11	1	1	0	0	0	0	90	80	4	1
12	1	1	0	0	0	0	210	80	24	1
13	1	1	0	0	0	0	90	80	4	1
14	1	1	0	0	0	0	210	80	24	1
15	1	1	0	0	0	0	330	80	24	1
16	1	1	0	0	0	0	330	80	4	1
17	1	1	0	0	0	0	90	80	24	1
18	1	1	0	0	0	1	210	80	4	1
19	0	0	0	0	0	0	210	80	24	1
20	0	0	0	0	0	0	90	80	24	1
21	0	0	0	0	0	0	330	80	4	1
22	0	0	0	0	0	0	330	80	24	1
23	0	0	0	0	0	0	210	80	4	1
24	0	0	0	0	0	0	90	80	4	1
25	0	0	0	0	0	0	90	80	24	1
26	0	0	0	0	0	0	330	80	4	1
27	0	0	0	0	0	0	210	80	4	1
28	0	0	0	0	0	0	330	80	24	1
29	0	0	0	0	0	0	210	80	24	1
30	0	0	0	0	0	0	90	80	4	1
31	0	0	0	0	0	0	330	80	24	1
32	0	0	0	0	0	0	210	80	4	1
33	0	0	0	0	0	0	90	80	4	1
34	0	0	0	0	0	0	210	80	24	1
35	0	0	0	0	0	0	330	80	4	1
36	0	0	0	0	0	0	90	80	24	1
37	0	0	0	0	0	0	90	80	4	1
38	0	0	0	0	0	0	210	80	24	1
39	0	0	0	0	0	0	330	80	24	1
40	0	0	0	0	0	0	330	80	4	1
41	0	0	0	0	0	0	210	80	4	1
42	0	0	0	0	0	0	90	80	24	1
43	0	0	0	0	0	0	330	80	4	1
44	0	0	0	0	0	0	90	80	24	1
45	0	0	0	0	0	0	210	80	24	1
46	0	0	0	0	0	0	90	80	4	1
47	0	0	0	0	0	0	210	80	4	1
48	0	0	0	0	0	0	330	80	24	1
49	0	0	0	0	0	0	90	80	4	1
50	0	0	0	0	0	0	210	80	24	1
51	0	0	0	0	0	0	330	80	4	1
52	0	0	0	0	0	0	210	80	4	1
53	0	0	0	0	0	0	90	80	24	1
54	0	0	0	0	0	0	330	80	24	1
55	0	0	0	0	0	0	90	80	4	1
56	0	0	0	0	0	0	330	80	24	1
57	0	0	0	0	0	0	210	80	4	1
58	0	0	0	0	0	0	90	80	24	1
59	0	0	0	0	0	0	330	80	4	1
60	0	0	0	0	0	0	210	80	24	1
61	0	0	0	0	0	0	210	80	4	1
62	0	0	0	0	0	0	90	80	24	1
63	0	0	0	0	0	0	330	80	4	1
64	0	0	0	0	0	0	330	80	24	1
65	0	0	0	0	0	0	210	80	24	1
66	0	0	0	0	0	0	90	80	4	1
67	0	0	0	0	0	0	210	80	4	1
68	0	0	0	0	0	0	90	80	24	1
69	0	0	0	0	0	0	330	80	4	1
70	0	0	0	0	0	0	90	80	4	1
71	0	0	0	0	0	0	210	80	24	1
72	0	0	0	0	0	0	330	80	24	1
73	0	0	0	0	0	0	210	80	4	1
74	0	0	0	0	0	0	90	80	24	1
75	0	0	0	0	0	0	330	80	4	1
76	0	0	0	0	0	0	90	80	4	1
77	0	0	0	0	0	0	330	80	24	1
78	0	0	0	0	0	2	210	80	24	1
79	1	1	0	0	1.75	0	30	80	4	0
80	1	1	0	0	-1.75	3	30	80	4	0
81	1	1	0	0	-1.75	0	210	80	24	1
82	1	1	0	0	-1.75	0	330	80	24	1
83	1	1	0	0	-1.75	0	90	80	4	1
84	1	1	0	0	-1.75	0	210	80	24	1
85	1	1	0	0	-1.75	0	330	80	4	1
86	1	1	0	0	-1.75	0	90	80	4	1
87	1	1	0	0	-1.75	0	210	80	24	1
88	1	1	0	0	-1.75	0	90	80	4	1
89	1	1	0	0	-1.75	0	330	80	24	1
90	1	1	0	0	-1.75	0	330	80	4	1
91	1	1	0	0	-1.75	0	90	80	4	1
92	1	1	0	0	-1.75	0	210	80	24	1
93	1	1	0	0	-1.75	0	90	80	4	1
94	1	1	0	0	-1.75	0	330	80	24	1
95	1	1	0	0	-1.75	0	210	80	24	1
96	1	1	0	0	-1.75	0	90	80	4	1
97	1	1	0	0	-1.75	0	210	80	24	1
98	1	1	0	0	-1.75	0	330	80	4	1
99	1	1	0	0	-1.75	0	330	80	24	1
100	1	1	0	0	-1.75	0	210	80	24	1
101	1	1	0	0	-1.75	0	90	80	4	1
102	1	1	0	0	-1.75	0	330	80	4	1
103	1	1	0	0	-1.75	0	90	80	4	1
104	1	1	0	0	-1.75	0	210	80	24	1
105	1	1	0	0	-1.75	0	90	80	4	1
106	1	1	0	0	-1.75	0	210	80	24	1
107	1	1	0	0	-1.75	0	330	80	4	1
108	1	1	0	0	-1.75	0	330	80	24	1
109	1	1	0	0	-1.75	0	210	80	24	1
110	1	1	0	0	-1.75	0	90	80	4	1
111	1	1	0	0	-1.75	0	210	80	24	1
112	1	1	0	0	-1.75	0	90	80	4	1
113	1	1	0	0	-1.75	0	330	80	4	1
114	1	1	0	0	-1.75	0	330	80	24	1
115	1	1	0	0	-1.75	0	210	80	24	1
116	1	1	0	0	-1.75	0	90	80	4	1
117	1	1	0	0	-1.75	0	90	80	4	1
118	1	1	0	0	-1.75	0	210	80	24	1
119	1	1	0	0	-1.75	0	330	80	4	1
120	1	1	0	0	-1.75	0	210	80	24	1
121	1	1	0	0	-1.75	0	90	80	4	1
122	1	1	0	0	-1.75	0	330	80	24	1
123	1	1	0	0	-1.75	0	210	80	24	1
124	1	1	0	0	-1.75	0	330	80	4	1
125	1	1	0	0	-1.75	0	90	80	4	1
126	1	1	0	0	-1.75	0	90	80	4	1
127	1	1	0	0	-1.75	0	330	80	24	1
128	1	1	0	0	-1.75	0	210	80	24	1
129	1	1	0	0	-1.75	0	90	80	4	1
130	1	1	0	0	-1.75	0	210	80	24	1
131	1	1	0	0	-1.75	0	330	80	24	1
132	1	1	0	0	-1.75	0	210	80	24	1
133	1	1	0	0	-1.75	0	90	80	4	1
134	1	1	0	0	-1.75	0	330	80	4	1
135	1	1	0	0	-1.75	0	90	80	4	1
136	1	1	0	0	-1.75	0	210	80	24	1
137	1	1	0	0	-1.75	0	330	80	4	1
138	1	1	0	0	-1.75	0	210	80	24	1
139	1	1	0	0	-1.75	0	90	80	4	1
140	1	1	0	0	-1.75	0	330	80	24	1
141	1	1	0	0	-1.75	0	330	80	24	1
142	1	1	0	0	-1.75	0	210	80	24	1
143	1	1	0	0	-1.75	0	90	80	4	1
144	1	1	0	0	-1.75	0	90	80	4	1
145	1	1	0	0	-1.75	0	330	80	4	1
146	1	1	0	0	-1.75	0	210	80	24	1
147	1	1	0	0	-1.75	0	210	80	24	1
148	1	1	0	0	-1.75	0	330	80	24	1
149	1	1	0	0	-1.75	0	90	80	4	1
150	1	1	0	0	-1.75	0	210	80	24	1
151	1	1	0	0	-1.75	0	330	80	4	1
152	1	1	0	0	-1.75	0	90	80	4	1
153	1	1	0	0	-1.75	0	330	80	24	1
154	1	1	0	0	-1.75	0	90	80	4	1
155	1	1	0	0	-1.75	0	210	80	24	1
156	1	1	0	0	-1.75	0	210	80	24	1
157	1	1	0	0	-1.75	0	90	80	4	1
158	1	1	0	0	-1.75	0	330	80	4	1
159	1	1	0	0	-1.75	0	90	80	4	1
160	1	1	0	0	-1.75	0	330	80	24	1
161	1	1	0	0	-1.75	0	210	80	24	1
162	1	1	0	0	-1.75	0	210	80	24	1
163	1	1	0	0	-1.75	0	330	80	4	1
164	1	1	0	0	-1.75	0	90	80	4	1
165	1	1	0	0	-1.75	0	330	80	4	1
166	1	1	0	0	-1.75	0	90	80	4	1
167	1	1	0	0	-1.75	0	210	80	24	1
168	1	1	0	0	-1.75	0	330	80	24	1
169	1	1	0	0	-1.75	0	210	80	24	1
170	1	1	0	0	-1.75	0	90	80	4	1
171	1	1	0	0	-1.75	0	90	80	4	1
172	1	1	0	0	-1.75	0	210	80	24	1
173	1	1	0	0	-1.75	0	330	80	24	1
174	1	1	0	0	-1.75	0	90	80	4	1
175	1	1	0	0	-1.75	0	330	80	4	1
176	1	1	0	0	-1.75	0	210	80	24	1
177	1	1	0	0	-1.75	0	90	80	4	1
178	1	1	0	0	-1.75	0	210	80	24	1
179	1	1	0	0	-1.75	0	330	80	24	1
180	1	1	0	0	-1.75	0	330	80	4	1
181	1	1	0	0	-1.75	0	210	80	24	1
182	1	1	0	0	-1.75	0	90	80	4	1
183	1	1	0	0	-1.75	0	210	80	24	1
184	1	1	0	0	-1.75	0	90	80	4	1
185	1	1	0	0	-1.75	0	330	80	24	1
186	1	1	0	0	-1.75	0	330	80	4	1
187	1	1	0	0	-1.75	0	210	80	24	1
188	1	1	0	0	-1.75	0	90	80	4	1
189	1	1	0	0	-1.75	0	330	80	4	1
190	1	1	0	0	-1.75	0	90	80	4	1
191	1	1	0	0	-1.75	0	210	80	24	1
192	1	1	0	0	-1.75	0	210	80	24	1
193	1	1	0	0	-1.75	0	330	80	24	1
194	1	1	0	0	-1.75	0	90	80	4	1
195	1	1	0	0	-1.75	0	330	80	4	1
196	1	1	0	0	-1.75	0	210	80	24	1
197	1	1	0	0	-1.75	0	90	80	4	1
198	1	1	0	0	-1.75	0	330	80	24	1
199	1	1	0	0	-1.75	0	210	80	24	1
200	1	1	0	0	-1.75	0	90	80	4	1
201	1	1	0	0	-1.75	0	210	80	24	1
202	1	1	0	0	-1.75	0	330	80	24	1
203	1	1	0	0	-1.75	0	90	80	4	1
204	1	1	0	0	-1.75	0	330	80	4	1
205	1	1	0	0	-1.75	0	90	80	4	1
206	1	1	0	0	-1.75	0	210	80	24	1
207	1	1	0	0	-1.75	0	210	80	24	1
208	1	1	0	0	-1.75	0	90	80	4	1
209	1	1	0	0	-1.75	0	330	80	24	1
210	1	1	0	0	-1.75	0	210	80	24	1
211	1	1	0	0	-1.75	0	330	80	4	1
212	1	1	0	0	-1.75	0	90	80	4	1
213	1	1	0	0	-1.75	0	90	80	4	1
214	1	1	0	0	-1.75	0	210	80	24	1
215	1	1	0	0	-1.75	0	330	80	24	1
216	1	1	0	0	-1.75	0	210	80	24	1
217	1	1	0	0	-1.75	0	330	80	4	1
218	1	1	0	0	-1.75	0	90	80	4	1
219	1	1	0	0	-1.75	0	210	80	24	1
220	1	1	0	0	-1.75	0	330	80	4	1
221	1	1	0	0	-1.75	0	90	80	4	1
222	1	1	0	0	-1.75	0	210	80	24	1
223	1	1	0	0	-1.75	0	90	80	4	1
224	1	1	0	0	-1.75	0	330	80	24	1
225	1	1	0	0	-1.75	0	330	80	24	1
226	1	1	0	0	-1.75	0	90	80	4	1
227	1	1	0	0	-1.75	0	210	80	24	1
228	1	1	0	0	-1.75	0	330	80	4	1
229	1	1	0	0	-1.75	0	90	80	4	1
230	1	1	0	0	-1.75	0	210	80	24	1
231	1	1	0	0	-1.75	0	330	80	24	1
232	1	1	0	0	-1.75	0	90	80	4	1
233	1	1	0	0	-1.75	0	210	80	24	1
234	1	1	0	0	-1.75	0	90	80	4	1
235	1	1	0	0	-1.75	0	330	80	4	1
236	1	1	0	0	-1.75	0	210	80	24	1
237	1	1	0	0	-1.75	0	210	80	24	1
238	1	1	0	0	-1.75	0	90	80	4	1
239	1	1	0	0	-1.75	0	330	80	24	1
240	1	1	0	0	-1.75	0	90	80	4	1
241	1	1	0	0	-1.75	0	330	80	4	1
242	1	1	0	0	-1.75	0	210	80	24	1
243	1	1	0	0	-1.75	0	210	80	24	1
244	1	1	0	0	-1.75	0	330	80	24	1
245	1	1	0	0	-1.75	0	90	80	4	1
246	1	1	0	0	-1.75	0	210	80	24	1
247	1	1	0	0	-1.75	0	330	80	4	1
248	1	1	0	0	-1.75	0	90	80	4	1
249	1	1	0	0	-1.75	0	330	80	24	1
250	1	1	0	0	-1.75	0	90	80	4	1
251	1	1	0	0	-1.75	0	210	80	24	1
252	1	1	0	0	-1.75	0	210	80	24	1
253	1	1	0	0	-1.75	0	90	80	4	1
254	1	1	0	0	-1.75	0	330	80	4	1
255	1	1	0	0	-1.75	0	330	80	24	1
256	1	1	0	0	-1.75	0	90	80	4	1
257	1	1	0	0	-1.75	0	210	80	24	1
258	1	1	0	0	-1.75	0	330	80	4	1
259	1	1	0	0	-1.75	0	90	80	4	1
260	1	1	0	0	-1.75	0	210	80	24	1
261	1	1	0	0	-1.75	0	90	80	4	1
262	1	1	0	0	-1.75	0	210	80	24	1
263	1	1	0	0	-1.75	0	330	80	24	1
264	1	1	0	0	-1.75	0	330	80	4	1
265	1	1	0	0	-1.75	0	210	80	24	1
266	1	1	0	0	-1.75	0	90	80	4	1
267	1	1	0	0	-1.75	0	330	80	4	1
268	1	1	0	0	-1.75	0	210	80	24	1
269	1	1	0	0	-1.75	0	90	80	4	1
270	1	1	0	0	-1.75	0	330	80	24	1
271	1	1	0	0	-1.75	0	90	80	4	1
272	1	1	0	0	-1.75	0	210	80	24	1
273	1	1	0	0	-1.75	0	210	80	24	1
274	1	1	0	0	-1.75	0	330	80	4	1
275	1	1	0	0	-1.75	0	90	80	4	1
276	1	1	0	0	-1.75	0	90	80	4	1
277	1	1	0	0	-1.75	0	210	80	24	1
278	1	1	0	0	-1.75	0	330	80	24	1
279	1	1	0	0	-1.75	0	330	80	4	1
280	1	1	0	0	-1.75	0	90	80	4	1
281	1	1	0	0	-1.75	0	210	80	24	1
282	1	1	0	0	-1.75	0	210	80	24	1
283	1	1	0	0	-1.75	0	90	80	4	1
284	1	1	0	0	-1.75	0	330	80	24	1
285	1	1	0	0	-1.75	0	330	80	4	1
286	1	1	0	0	-1.75	0	90	80	4	1
287	1	1	0	0	-1.75	0	210	80	24	1
288	1	1	0	0	-1.75	0	330	80	24	1
289	1	1	0	0	-1.75	0	210	80	24	1
290	1	1	0	0	-1.75	0	90	80	4	1
291	1	1	0	0	-1.75	0	90	80	4	1
292	1	1	0	0	-1.75	0	210	80	24	1
293	1	1	0	0	-1.75	0	330	80	4	1
294	1	1	0	0	-1.75	0	90	80	4	1
295	1	1	0	0	-1.75	0	330	80	24	1
296	1	1	0	0	-1.75	0	210	80	24	1
297	1	1	0	0	-1.75	0	90	80	4	1
298	1	1	0	0	-1.75	0	330	80	4	1
299	1	1	0	0	-1.75	0	210	80	24	1
300	1	1	0	0	-1.75	0	330	80	24	1
301	1	1	0	0	-1.75	0	210	80	24	1
302	1	1	0	0	-1.75	0	90	80	4	1
303	1	1	0	0	-1.75	0	90	80	4	1
304	1	1	0	0	-1.75	0	210	80	24	1
305	1	1	0	0	-1.75	0	330	80	24	1
306	1	1	0	0	-1.75	0	210	80	24	1
307	1	1	0	0	-1.75	0	330	80	4	1
308	1	1	0	0	-1.75	0	90	80	4	1
309	1	1	0	0	-1.75	0	90	80	4	1
310	1	1	0	0	-1.75	0	210	80	24	1
311	1	1	0	0	-1.75	0	330	80	4	1
312	1	1	0	0	-1.75	0	90	80	4	1
313	1	1	0	0	-1.75	0	210	80	24	1
314	1	1	0	0	-1.75	0	330	80	24	1
315	1	1	0	0	-1.75	0	210	80	24	1
316	1	1	0	0	-1.75	0	330	80	4	1
317	1	1	0	0	-1.75	0	90	80	4	1
318	1	1	0	0	-1.75	0	210	80	24	1
319	1	1	0	0	-1.75	0	330	80	24	1
320	1	1	0	0	-1.75	0	90	80	4	1
321	1	1	0	0	-1.75	0	330	80	4	1
322	1	1	0	0	-1.75	0	90	80	4	1
323	1	1	0	0	-1.75	0	210	80	24	1
324	1	1	0	0	-1.75	0	330	80	24	1
325	1	1	0	0	-1.75	0	210	80	24	1
326	1	1	0	0	-1.75	0	90	80	4	1
327	1	1	0	0	-1.75	0	210	80	24	1
328	1	1	0	0	-1.75	0	90	80	4	1
329	1	1	0	0	-1.75	0	330	80	24	1
330	1	1	0	0	-1.75	0	330	80	4	1
331	1	1	0	0	-1.75	0	210	80	24	1
332	1	1	0	0	-1.75	0	90	80	4	1
333	1	1	0	0	-1.75	0	90	80	4	1
334	1	1	0	0	-1.75	0	210	80	24	1
335	1	1	0	0	-1.75	0	330	80	4	1
336	1	1	0	0	-1.75	0	90	80	4	1
337	1	1	0	0	-1.75	0	210	80	24	1
338	1	1	0	0	-1.75	0	330	80	24	1
339	1	1	0	0	-1.75	0	90	80	4	1
340	1	1	0	0	-1.75	0	330	80	24	1
341	1	1	0	0	-1.75	0	210	80	24	1
342	1	1	0	0	-1.75	0	90	80	4	1
343	1	1	0	0	-1.75	0	330	80	4	1
344	1	1	0	0	-1.75	0	210	80	24	1
345	1	1	0	0	-1.75	0	210	80	24	1
346	1	1	0	0	-1.75	0	330	80	4	1
347	1	1	0	0	-1.75	0	90	80	4	1
348	1	1	0	0	-1.75	0	330	80	24	1
349	1	1	0	0	-1.75	0	210	80	24	1
350	1	1	0	0	-1.75	0	90	80	4	1
351	1	1	0	0	-1.75	0	90	80	4	1
352	1	1	0	0	-1.75	0	330	80	4	1
353	1	1	0	0	-1.75	0	210	80	24	1
354	1	1	0	0	-1.75	0	90	80	4	1
355	1	1	0	0	-1.75	0	210	80	24	1
356	1	1	0	0	-1.75	0	330	80	24	1
357	1	1	0	0	-1.75	0	210	80	24	1
358	1	1	0	0	-1.75	0	330	80	24	1
359	1	1	0	0	-1.75	0	90	80	4	1
360	1	1	0	0	-1.75	0	330	80	4	1
361	1	1	0	0	-1.75	0	90	80	4	1
362	1	1	0	0	-1.75	0	210	80	24	1
363	1	1	0	0	-1.75	0	330	80	24	1
364	1	1	0	0	-1.75	0	210	80	24	1
365	1	1	0	0	-1.75	0	90	80	4	1
366	1	1	0	0	-1.75	0	210	80	24	1
367	1	1	0	0	-1.75	0	90	80	4	1
368	1	1	0	0	-1.75	0	330	80	4	1
369	1	1	0	0	-1.75	0	90	80	4	1
370	1	1	0	0	-1.75	0	330	80	24	1
371	1	1	0	0	-1.75	0	210	80	24	1
372	1	1	0	0	-1.75	0	90	80	4	1
373	1	1	0	0	-1.75	0	210	80	24	1
374	1	1	0	0	-1.75	0	330	80	4	1
375	1	1	0	0	-1.75	0	90	80	4	1
376	1	1	0	0	-1.75	0	330	80	24	1
377	1	1	0	0	-1.75	0	210	80	24	1
378	1	1	0	0	-1.75	0	210	80	24	1
379	1	1	0	0	-1.75	0	330	80	4	1
380	1	1	0	0	-1.75	0	90	80	4	1
381	1	1	0	0	-1.75	0	210	80	24	1
382	1	1	0	0	-1.75	0	90	80	4	1
383	1	1	0	0	-1.75	0	330	80	24	1
384	1	1	0	0	-1.75	0	90	80	4	1
385	1	1	0	0	-1.75	0	210	80	24	1
386	1	1	0	0	-1.75	0	330	80	4	1
387	1	1	0	0	-1.75	0	330	80	24	1
388	1	1	0	0	-1.75	0	90	80	4	1
389	1	1	0	0	-1.75	0	210	80	24	1
390	1	1	0	0	-1.75	0	90	80	4	1
391	1	1	0	0	-1.75	0	330	80	4	1
392	1	1	0	0	-1.75	0	210	80	24	1
393	1	1	0	0	-1.75	0	330	80	24	1
394	1	1	0	0	-1.75	0	210	80	24	1
395	1	1	0	0	-1.75	0	90	80	4	1
396	1	1	0	0	-1.75	0	90	80	4	1
397	1	1	0	0	-1.75	0	330	80	4	1
398	1	1	0	0	-1.75	0	210	80	24	1
399	1	1	0	0	-1.75	0	210	80	24	1
400	1	1	0	0	-1.75	0	90	80	4	1
401	1	1	0	0	-1.75	0	330	80	4	1
402	1	1	0	0	-1.75	0	90	80	4	1
403	1	1	0	0	-1.75	0	210	80	24	1
404	1	1	0	0	-1.75	0	330	80	24	1
405	1	1	0	0	-1.75	0	90	80	4	1
406	1	1	0	0	-1.75	0	330	80	4	1
407	1	1	0	0	-1.75	0	210	80	24	1
408	1	1	0	0	-1.75	0	210	80	24	1
409	1	1	0	0	-1.75	0	90	80	4	1
410	1	1	0	0	-1.75	0	330	80	24	1
411	1	1	0	0	-1.75	0	330	80	24	1
412	1	1	0	0	-1.75	0	210	80	24	1
413	1	1	0	0	-1.75	0	90	80	4	1
414	1	1	0	0	-1.75	0	90	80	4	1
415	1	1	0	0	-1.75	0	330	80	4	1
416	1	1	0	0	-1.75	0	210	80	24	1
417	1	1	0	0	-1.75	0	210	80	24	1
418	1	1	0	0	-1.75	0	330	80	24	1
419	1	1	0	0	-1.75	0	90	80	4	1
420	1	1	0	0	-1.75	0	90	80	4	1
421	1	1	0	0	-1.75	0	210	80	24	1
422	1	1	0	0	-1.75	0	330	80	4	1
423	1	1	0	0	-1.75	0	330	80	4	1
424	1	1	0	0	-1.75	0	90	80	4	1
425	1	1	0	0	-1.75	0	210	80	24	1
426	1	1	0	0	-1.75	0	90	80	4	1
427	1	1	0	0	-1.75	0	330	80	24	1
428	1	1	0	0	-1.75	0	210	80	24	1
429	1	1	0	0	-1.75	0	210	80	24	1
430	1	1	0	0	-1.75	0	330	80	24	1
431	1	1	0	0	-1.75	0	90	80	4	1
432	1	1	0	0	-1.75	0	330	80	4	1
433	1	1	0	0	-1.75	0	210	80	24	1
434	1	1	0	0	-1.75	0	90	80	4	1
435	1	1	0	0	-1.75	0	210	80	24	1
436	1	1	0	0	-1.75	0	330	80	24	1
437	1	1	0	0	-1.75	0	90	80	4	1
438	1	1	0	0	-1.75	0	210	80	24	1
439	1	1	0	0	-1.75	0	330	80	4	1
440	1	1	0	0	-1.75	0	90	80	4	1
441	1	1	0	0	-1.75	0	330	80	4	1
442	1	1	0	0	-1.75	0	210	80	24	1
443	1	1	0	0	-1.75	0	90	80	4	1
444	1	1	0	0	-1.75	0	210	80	24	1
445	1	1	0	0	-1.75	0	330	80	24	1
446	1	1	0	0	-1.75	0	90	80	4	1
447	1	1	0	0	-1.75	0	210	80	24	1
448	1	1	0	0	-1.75	0	330	80	4	1
449	1	1	0	0	-1.75	0	90	80	4	1
450	1	1	0	0	-1.75	0	330	80	24	1
451	1	1	0	0	-1.75	0	90	80	4	1
452	1	1	0	0	-1.75	0	210	80	24	1
453	1	1	0	0	-1.75	0	210	80	24	1
454	1	1	0	0	-1.75	0	330	80	24	1
455	1	1	0	0	-1.75	0	90	80	4	1
456	1	1	0	0	-1.75	0	90	80	4	1
457	1	1	0	0	-1.75	0	210	80	24	1
458	1	1	0	0	-1.75	0	330	80	4	1
459	1	1	0	0	-1.75	0	330	80	4	1
460	1	1	0	0	-1.75	0	90	80	4	1
461	1	1	0	0	-1.75	0	210	80	24	1
462	1	1	0	0	-1.75	0	330	80	24	1
463	1	1	0	0	-1.75	0	210	80	24	1
464	1	1	0	0	-1.75	0	90	80	4	1
465	1	1	0	0	-1.75	0	330	80	4	1
466	1	1	0	0	-1.75	0	210	80	24	1
467	1	1	0	0	-1.75	0	90	80	4	1
468	1	1	0	0	-1.75	0	210	80	24	1
469	1	1	0	0	-1.75	0	330	80	24	1
470	1	1	0	0	-1.75	0	90	80	4	1
471	1	1	0	0	-1.75	0	330	80	24	1
472	1	1	0	0	-1.75	0	210	80	24	1
473	1	1	0	0	-1.75	0	90	80	4	1
474	1	1	0	0	-1.75	0	210	80	24	1
475	1	1	0	0	-1.75	0	90	80	4	1
476	1	1	0	0	-1.75	0	330	80	4	1
477	1	1	0	0	-1.75	0	210	80	24	1
478	1	1	0	0	-1.75	0	330	80	24	1
479	1	1	0	0	-1.75	0	90	80	4	1
480	1	1	0	0	-1.75	0	210	80	24	1
481	1	1	0	0	-1.75	0	90	80	4	1
482	1	1	0	0	-1.75	0	330	80	4	1
483	1	1	0	0	-1.75	0	210	80	24	1
484	1	1	0	0	-1.75	0	90	80	4	1
485	1	1	0	0	-1.75	0	330	80	4	1
486	1	1	0	0	-1.75	0	90	80	4	1
487	1	1	0	0	-1.75	0	330	80	24	1
488	1	1	0	0	-1.75	0	210	80	24	1
489	1	1	0	0	-1.75	0	90	80	4	1
490	1	1	0	0	-1.75	0	330	80	24	1
491	1	1	0	0	-1.75	0	210	80	24	1
492	1	1	0	0	-1.75	0	90	80	4	1
493	1	1	0	0	-1.75	0	330	80	4	1
494	1	1	0	0	-1.75	0	210	80	24	1
495	1	1	0	0	-1.75	0	90	80	4	1
496	1	1	0	0	-1.75	0	330	80	4	1
497	1	1	0	0	-1.75	0	210	80	24	1
498	1	1	0	0	-1.75	0	90	80	4	1
499	1	1	0	0	-1.75	0	210	80	24	1
500	1	1	0	0	-1.75	0	330	80	24	1
501	1	1	0	0	-1.75	0	330	80	24	1
502	1	1	0	0	-1.75	0	210	80	24	1
503	1	1	0	0	-1.75	0	90	80	4	1
504	1	1	0	0	-1.75	0	330	80	4	1
505	1	1	0	0	-1.75	0	210	80	24	1
506	1	1	0	0	-1.75	0	90	80	4	1
507	1	1	0	0	-1.75	0	330	80	4	1
508	1	1	0	0	-1.75	0	210	80	24	1
509	1	1	0	0	-1.75	0	90	80	4	1
510	1	1	0	0	-1.75	0	90	80	4	1
511	1	1	0	0	-1.75	0	330	80	24	1
512	1	1	0	0	-1.75	0	210	80	24	1
513	1	1	0	0	-1.75	0	90	80	4	1
514	1	1	0	0	-1.75	0	210	80	24	1
515	1	1	0	0	-1.75	0	330	80	4	1
516	1	1	0	0	-1.75	0	90	80	4	1
517	1	1	0	0	-1.75	0	330	80	24	1
518	1	1	0	0	-1.75	0	210	80	24	1
519	1	1	0	0	-1.75	0	210	80	24	1
520	1	1	0	0	-1.75	0	90	80	4	1
521	1	1	0	0	-1.75	0	330	80	24	1
522	1	1	0	0	-1.75	0	330	80	4	1
523	1	1	0	0	-1.75	0	90	80	4	1
524	1	1	0	0	-1.75	0	210	80	24	1
525	1	1	0	0	-1.75	0	210	80	24	1
526	1	1	0	0	-1.75	0	90	80	4	1
527	1	1	0	0	-1.75	0	330	80	24	1
528	1	1	0	0	-1.75	0	90	80	4	1
529	1	1	0	0	-1.75	0	330	80	4	1
530	1	1	0	0	-1.75	0	210	80	24	1
531	1	1	0	0	-1.75	0	90	80	4	1
532	1	1	0	0	-1.75	0	210	80	24	1
533	1	1	0	0	-1.75	0	330	80	4	1
534	1	1	0	0	-1.75	0	330	80	24	1
535	1	1	0	0	-1.75	0	210	80	24	1
536	1	1	0	0	-1.75	0	90	80	4	1
537	1	1	0	0	-1.75	0	210	80	24	1
538	1	1	0	0	-1.75	0	330	80	24	1
539	1	1	0	0	-1.75	0	90	80	4	1
540	1	1	0	0	-1.75	0	330	80	4	1
541	1	1	0	0	-1.75	0	210	80	24	1
542	1	1	0	0	-1.75	0	90	80	4	1
543	1	1	0	0	-1.75	0	90	80	4	1
544	1	1	0	0	-1.75	0	330	80	4	1
545	1	1	0	0	-1.75	0	210	80	24	1
546	1	1	0	0	-1.75	0	90	80	4	1
547	1	1	0	0	-1.75	0	330	80	24	1
548	1	1	0	0	-1.75	0	210	80	24	1
549	1	1	0	0	-1.75	0	90	80	4	1
550	1	1	0	0	-1.75	0	210	80	24	1
551	1	1	0	0	-1.75	0	330	80	24	1
552	1	1	0	0	-1.75	0	330	80	4	1
553	1	1	0	0	-1.75	0	90	80	4	1
554	1	1	0	0	-1.75	0	210	80	24	1
555	1	1	0	0	-1.75	0	90	80	4	1
556	1	1	0	0	-1.75	0	210	80	24	1
557	1	1	0	0	-1.75	0	330	80	24	1
558	1	1	0	0	-1.75	0	330	80	4	1
559	1	1	0	0	-1.75	0	90	80	4	1
560	1	1	0	0	-1.75	0	210	80	24	1
561	1	1	0	0	-1.75	0	90	80	4	1
562	1	1	0	0	-1.75	0	330	80	4	1
563	1	1	0	0	-1.75	0	210	80	24	1
564	1	1	0	0	-1.75	0	210	80	24	1
565	1	1	0	0	-1.75	0	330	80	24	1
566	1	1	0	0	-1.75	0	90	80	4	1
567	1	1	0	0	-1.75	0	90	80	4	1
568	1	1	0	0	-1.75	0	210	80	24	1
569	1	1	0	0	-1.75	0	330	80	24	1
570	1	1	0	0	-1.75	0	90	80	4	1
571	1	1	0	0	-1.75	0	210	80	24	1
572	1	1	0	0	-1.75	0	330	80	4	1
573	1	1	0	0	-1.75	0	330	80	4	1
574	1	1	0	0	-1.75	0	210	80	24	1
575	1	1	0	0	-1.75	0	90	80	4	1
576	1	1	0	0	-1.75	0	330	80	24	1
577	1	1	0	0	-1.75	0	90	80	4	1
578	1	1	0	0	-1.75	0	210	80	24	1
579	1	1	0	0	-1.75	0	90	80	4	1
580	1	1	0	0	-1.75	0	330	80	4	1
581	1	1	0	0	-1.75	0	210	80	24	1
582	1	1	0	0	-1.75	0	210	80	24	1
583	1	1	0	0	-1.75	0	90	80	4	1
584	1	1	0	0	-1.75	0	330	80	24	1
585	1	1	0	0	-1.75	0	90	80	4	1
586	1	1	0	0	-1.75	0	210	80	24	1
587	1	1	0	0	-1.75	0	330	80	24	1
588	1	1	0	0	-1.75	0	210	80	24	1
589	1	1	0	0	-1.75	0	330	80	4	1
590	1	1	0	0	-1.75	0	90	80	4	1
591	1	1	0	0	-1.75	0	330	80	24	1
592	1	1	0	0	-1.75	0	210	80	24	1
593	1	1	0	0	-1.75	0	90	80	4	1
594	1	1	0	0	-1.75	0	210	80	24	1
595	1	1	0	0	-1.75	0	90	80	4	1
596	1	1	0	0	-1.75	0	330	80	4	1
597	1	1	0	0	-1.75	0	210	80	24	1
598	1	1	0	0	-1.75	0	90	80	4	1
599	1	1	0	0	-1.75	0	330	80	4	1
600	1	1	0	0	-1.75	0	210	80	24	1
601	1	1	0	0	-1.75	0	330	80	24	1
602	1	1	0	0	-1.75	0	90	80	4	1
603	1	1	0	0	-1.75	0	330	80	4	1
604	1	1	0	0	-1.75	0	90	80	4	1
605	1	1	0	0	-1.75	0	210	80	24	1
606	1	1	0	0	-1.75	0	330	80	24	1
607	1	1	0	0	-1.75	0	210	80	24	1
608	1	1	0	0	-1.75	0	90	80	4	1
609	1	1	0	0	-1.75	0	210	80	24	1
610	1	1	0	0	-1.75	0	330	80	4	1
611	1	1	0	0	-1.75	0	90	80	4	1
612	1	1	0	0	-1.75	0	330	80	24	1
613	1	1	0	0	-1.75	0	210	80	24	1
614	1	1	0	0	-1.75	0	90	80	4	1
615	1	1	0	0	-1.75	0	330	80	24	1
616	1	1	0	0	-1.75	0	210	80	24	1
617	1	1	0	0	-1.75	0	90	80	4	1
618	1	1	0	0	-1.75	0	90	80	4	1
619	1	1	0	0	-1.75	0	330	80	4	1
620	1	1	0	0	-1.75	0	210	80	24	1
621	1	1	0	0	-1.75	0	90	80	4	1
622	1	1	0	0	-1.75	0	210	80	24	1
623	1	1	0	0	-1.75	0	330	80	4	1
624	1	1	0	0	-1.75	0	90	80	4	1
625	1	1	0	0	-1.75	0	330	80	24	1
626	1	1	0	0	-1.75	0	210	80	24	1
627	1	1	0	0	-1.75	0	210	80	24	1
628	1	1	0	0	-1.75	0	330	80	24	1
629	1	1	0	0	-1.75	0	90	80	4	1
630	1	1	0	0	-1.75	0	330	80	4	1
631	1	1	0	0	-1.75	0	90	80	4	1
632	1	1	0	0	-1.75	0	210	80	24	1
633	1	1	0	0	-1.75	0	90	80	4	1
634	1	1	0	0	-1.75	0	210	80	24	1
635	1	1	0	0	-1.75	0	330	80	4	1
636	1	1	0	0	-1.75	0	90	80	4	1
637	1	1	0	0	-1.75	0	330	80	24	1
638	1	1	0	0	-1.75	0	210	80	24	1
639	1	1	0	0	-1.75	0	330	80	4	1
640	1	1	0	0	-1.75	0	210	80	24	1
641	1	1	0	0	-1.75	0	90	80	4	1
642	1	1	0	0	-1.75	0	90	80	4	1
643	1	1	0	0	-1.75	0	210	80	24	1
644	1	1	0	0	-1.75	0	330	80	24	1
645	1	1	0	0	-1.75	0	330	80	4	1
646	1	1	0	0	-1.75	0	210	80	24	1
647	1	1	0	0	-1.75	0	90	80	4	1
648	1	1	0	0	-1.75	0	330	80	24	1
649	1	1	0	0	-1.75	0	210	80	24	1
650	1	1	0	0	-1.75	0	90	80	4	1
651	1	1	0	0	-1.75	0	210	80	24	1
652	1	1	0	0	-1.75	0	330	80	24	1
653	1	1	0	0	-1.75	0	90	80	4	1
654	1	1	0	0	-1.75	0	210	80	24	1
655	1	1	0	0	-1.75	0	90	80	4	1
656	1	1	0	0	-1.75	0	330	80	4	1
657	1	1	0	0	-1.75	0	330	80	4	1
658	1	1	0	0	-1.75	0	90	80	4	1
659	1	1	0	0	-1.75	0	210	80	24	1
660	1	1	0	0	-1.75	0	330	80	24	1
661	1	1	0	0	-1.75	0	90	80	4	1
662	1	1	0	0	-1.75	0	210	80	24	1
663	1	1	0	0	-1.75	0	210	80	24	1
664	1	1	0	0	-1.75	0	330	80	24	1
665	1	1	0	0	-1.75	0	90	80	4	1
666	1	1	0	0	-1.75	0	90	80	4	1
667	1	1	0	0	-1.75	0	330	80	4	1
668	1	1	0	0	-1.75	0	210	80	24	1
669	1	1	0	0	-1.75	0	210	80	24	1
670	1	1	0	0	-1.75	0	90	80	4	1
671	1	1	0	0	-1.75	0	330	80	24	1
672	1	1	0	0	-1.75	0	90	80	4	1
673	1	1	0	0	-1.75	0	210	80	24	1
674	1	1	0	0	-1.75	0	330	80	4	1
675	1	1	0	0	-1.75	0	210	80	24	1
676	1	1	0	0	-1.75	0	330	80	4	1
677	1	1	0	0	-1.75	0	90	80	4	1
678	1	1	0	0	-1.75	0	330	80	24	1
679	1	1	0	0	-1.75	0	210	80	24	1
680	1	1	0	0	-1.75	0	90	80	4	1
681	1	1	0	0	-1.75	0	90	80	4	1
682	1	1	0	0	-1.75	0	210	80	24	1
683	1	1	0	0	-1.75	0	330	80	24	1
684	1	1	0	0	-1.75	0	210	80	24	1
685	1	1	0	0	-1.75	0	90	80	4	1
686	1	1	0	0	-1.75	0	330	80	4	1
687	1	1	0	0	-1.75	0	330	80	24	1
688	1	1	0	0	-1.75	0	210	80	24	1
689	1	1	0	0	-1.75	0	90	80	4	1
690	1	1	0	0	-1.75	0	330	80	4	1
691	1	1	0	0	-1.75	0	210	80	24	1
692	1	1	0	0	-1.75	0	90	80	4	1
693	1	1	0	0	-1.75	0	90	80	4	1
694	1	1	0	0	-1.75	0	330	80	24	1
695	1	1	0	0	-1.75	0	210	80	24	1
696	1	1	0	0	-1.75	0	210	80	24	1
697	1	1	0	0	-1.75	0	90	80	4	1
698	1	1	0	0	-1.75	0	330	80	4	1
699	1	1	0	0	-1.75	0	90	80	4	1
700	1	1	0	0	-1.75	0	330	80	4	1
701	1	1	0	0	-1.75	0	210	80	24	1
702	1	1	0	0	-1.75	0	330	80	24	1
703	1	1	0	0	-1.75	0	210	80	24	1
704	1	1	0	0	-1.75	0	90	80	4	1
705	1	1	0	0	-1.75	0	210	80	24	1
706	1	1	0	0	-1.75	0	330	80	4	1
707	1	1	0	0	-1.75	0	90	80	4	1
708	1	1	0	0	-1.75	0	330	80	24	1
709	1	1	0	0	-1.75	0	90	80	4	1
710	1	1	0	0	-1.75	0	210	80	24	1
711	1	1	0	0	-1.75	0	90	80	4	1
712	1	1	0	0	-1.75	0	210	80	24	1
713	1	1	0	0	-1.75	0	330	80	24	1
714	1	1	0	0	-1.75	0	330	80	4	1
715	1	1	0	0	-1.75	0	210	80	24	1
716	1	1	0	0	-1.75	0	90	80	4	1
717	1	1	0	0	-1.75	0	330	80	24	1
718	1	1	0	0	-1.75	0	90	80	4	1
719	1	1	0	0	-1.75	0	210	80	24	1
720	1	1	0	0	-1.75	0	90	80	4	1
721	1	1	0	0	-1.75	0	210	80	24	1
722	1	1	0	0	-1.75	0	330	80	4	1
723	1	1	0	0	-1.75	0	330	80	4	1
724	1	1	0	0	-1.75	0	210	80	24	1
725	1	1	0	0	-1.75	0	90	80	4	1
726	1	1	0	0	-1.75	0	210	80	24	1
727	1	1	0	0	-1.75	0	330	80	24	1
728	1	1	0	0	-1.75	0	90	80	4	1
729	1	1	0	0	-1.75	0	90	80	4	1
730	1	1	0	0	-1.75	0	330	80	24	1
731	1	1	0	0	-1.75	0	210	80	24	1
732	1	1	0	0	-1.75	0	330	80	4	1
733	1	1	0	0	-1.75	0	90	80	4	1
734	1	1	0	0	-1.75	0	210	80	24	1
735	1	1	0	0	-1.75	0	210	80	24	1
736	1	1	0	0	-1.75	0	330	80	4	1
737	1	1	0	0	-1.75	0	90	80	4	1
738	1	1	0	0	-1.75	0	90	80	4	1
739	1	1	0	0	-1.75	0	210	80	24	1
740	1	1	0	0	-1.75	0	330	80	24	1
741	1	1	0	0	-1.75	0	90	80	4	1
742	1	1	0	0	-1.75	0	330	80	24	1
743	1	1	0	0	-1.75	0	210	80	24	1
744	1	1	0	0	-1.75	0	90	80	4	1
745	1	1	0	0	-1.75	0	330	80	4	1
746	1	1	0	0	-1.75	0	210	80	24	1
747	1	1	0	0	-1.75	0	210	80	24	1
748	1	1	0	0	-1.75	0	330	80	24	1
749	1	1	0	0	-1.75	0	90	80	4	1
750	1	1	0	0	-1.75	0	330	80	4	1
751	1	1	0	0	-1.75	0	210	80	24	1
752	1	1	0	0	-1.75	0	90	80	4	1
753	1	1	0	0	-1.75	0	330	80	4	1
754	1	1	0	0	-1.75	0	90	80	4	1
755	1	1	0	0	-1.75	0	210	80	24	1
756	1	1	0	0	-1.75	0	210	80	24	1
757	1	1	0	0	-1.75	0	90	80	4	1
758	1	1	0	0	-1.75	0	330	80	24	1
759	1	1	0	0	-1.75	0	330	80	4	1
760	1	1	0	0	-1.75	0	90	80	4	1
761	1	1	0	0	-1.75	0	210	80	24	1
762	1	1	0	0	-1.75	0	330	80	24	1
763	1	1	0	0	-1.75	0	90	80	4	1
764	1	1	0	0	-1.75	0	210	80	24	1
765	1	1	0	0	-1.75	0	90	80	4	1
766	1	1	0	0	-1.75	0	210	80	24	1
767	1	1	0	0	-1.75	0	330	80	24	1
768	1	1	0	0	-1.75	0	210	80	24	1
769	1	1	0	0	-1.75	0	90	80	4	1
770	1	1	0	0	-1.75	0	330	80	4	1
771	1	1	0	0	-1.75	0	210	80	24	1
772	1	1	0	0	-1.75	0	90	80	4	1
773	1	1	0	0	-1.75	0	330	80	24	1
774	1	1	0	0	-1.75	0	330	80	4	1
775	1	1	0	0	-1.75	0	90	80	4	1
776	1	1	0	0	-1.75	0	210	80	24	1
777	1	1	0	0	-1.75	0	330	80	24	1
778	1	1	0	0	-1.75	0	210	80	24	1
779	1	1	0	0	-1.75	0	90	80	4	1
780	1	1	0	0	-1.75	0	210	80	24	1
781	1	1	0	0	-1.75	0	90	80	4	1
782	1	1	0	0	-1.75	0	330	80	4	1
783	1	1	0	0	-1.75	0	90	80	4	1
784	1	1	0	0	-1.75	0	210	80	24	1
785	1	1	0	0	-1.75	0	330	80	24	1
786	1	1	0	0	-1.75	0	210	80	24	1
787	1	1	0	0	-1.75	0	90	80	4	1
788	1	1	0	0	-1.75	0	330	80	4	1
789	1	1	0	0	-1.75	0	210	80	24	1
790	1	1	0	0	-1.75	0	330	80	24	1
791	1	1	0	0	-1.75	0	90	80	4	1
792	1	1	0	0	-1.75	0	330	80	4	1
793	1	1	0	0	-1.75	0	210	80	24	1
794	1	1	0	0	-1.75	0	90	80	4	1
795	1	1	0	0	-1.75	0	90	80	4	1
796	1	1	0	0	-1.75	0	330	80	4	1
797	1	1	0	0	-1.75	0	210	80	24	1
798	1	1	0	0	-1.75	0	210	80	24	1
799	1	1	0	0	-1.75	0	330	80	24	1
800	1	1	0	0	-1.75	1	90	80	4	1
801	0	0	0	0	0	0	90	80	4	1
802	0	0	0	0	0	0	210	80	24	1
803	0	0	0	0	0	0	330	80	24	1
804	0	0	0	0	0	0	210	80	24	1
805	0	0	0	0	0	0	90	80	4	1
806	0	0	0	0	0	0	330	80	4	1
807	0	0	0	0	0	0	330	80	24	1
808	0	0	0	0	0	0	210	80	24	1
809	0	0	0	0	0	0	90	80	4	1
810	0	0	0	0	0	0	330	80	4	1
811	0	0	0	0	0	0	210	80	24	1
812	0	0	0	0	0	0	90	80	4	1
813	0	0	0	0	0	0	210	80	24	1
814	0	0	0	0	0	0	90	80	4	1
815	0	0	0	0	0	0	330	80	4	1
816	0	0	0	0	0	0	90	80	4	1
817	0	0	0	0	0	0	330	80	24	1
818	0	0	0	0	0	0	210	80	24	1
819	0	0	0	0	0	0	330	80	24	1
820	0	0	0	0	0	0	210	80	24	1
821	0	0	0	0	0	0	90	80	4	1
822	0	0	0	0	0	0	210	80	24	1
823	0	0	0	0	0	0	330	80	4	1
824	0	0	0	0	0	0	90	80	4	1
825	0	0	0	0	0	0	210	80	24	1
826	0	0	0	0	0	0	90	80	4	1
827	0	0	0	0	0	0	330	80	24	1
828	0	0	0	0	0	0	90	80	4	1
829	0	0	0	0	0	0	210	80	24	1
830	0	0	0	0	0	0	330	80	4	1
831	0	0	0	0	0	0	330	80	4	1
832	0	0	0	0	0	0	210	80	24	1
833	0	0	0	0	0	0	90	80	4	1
834	0	0	0	0	0	0	210	80	24	1
835	0	0	0	0	0	0	90	80	4	1
836	0	0	0	0	0	0	330	80	24	1
837	0	0	0	0	0	0	90	80	4	1
838	0	0	0	0	0	0	210	80	24	1
839	0	0	0	0	0	0	330	80	4	1
840	0	0	0	0	0	0	210	80	24	1
841	0	0	0	0	0	0	90	80	4	1
842	0	0	0	0	0	0	330	80	24	1
843	0	0	0	0	0	0	90	80	4	1
844	0	0	0	0	0	0	330	80	24	1
845	0	0	0	0	0	0	210	80	24	1
846	0	0	0	0	0	0	330	80	4	1
847	0	0	0	0	0	0	210	80	24	1
848	0	0	0	0	0	0	90	80	4	1
849	0	0	0	0	0	0	90	80	4	1
850	0	0	0	0	0	0	330	80	4	1
851	0	0	0	0	0	0	210	80	24	1
852	0	0	0	0	0	0	330	80	24	1
853	0	0	0	0	0	0	210	80	24	1
854	0	0	0	0	0	0	90	80	4	1
855	0	0	0	0	0	0	210	80	24	1
856	0	0	0	0	0	0	90	80	4	1
857	0	0	0	0	0	0	330	80	4	1
858	0	0	0	0	0	0	210	80	24	1
859	0	0	0	0	0	0	90	80	4	1
860	0	0	0	0	0	0	330	80	24	1
