trials	endpoint_feedback	online_feedback	aim_report	aim_ring	rotation	instruction	target_angle	target_distance	size	aim_at_targ
1	1	1	0	0	0	0	200	80	4	1
2	1	1	0	0	0	0	80	80	24	1
3	1	1	0	0	0	0	320	80	4	1
4	1	1	0	0	0	0	320	80	24	1
5	1	1	0	0	0	0	80	80	4	1
6	1	1	0	0	0	1	200	80	24	1
7	0	0	0	0	0	0	200	80	4	1
8	0	0	0	0	0	0	80	80	24	1
9	0	0	0	0	0	0	320	80	24	1
10	0	0	0	0	0	0	80	80	4	1
11	0	0	0	0	0	0	200	80	24	1
12	0	0	0	0	0	0	320	80	4	1
13	0	0	0	0	0	0	320	80	4	1
14	0	0	0	0	0	0	200	80	24	1
15	0	0	0	0	0	0	80	80	24	1
16	0	0	0	0	0	0	80	80	4	1
17	0	0	0	0	0	0	320	80	24	1
18	0	0	0	0	0	0	200	80	4	1
19	0	0	0	0	0	0	320	80	4	1
20	0	0	0	0	0	0	80	80	24	1
21	0	0	0	0	0	0	200	80	4	1
22	0	0	0	0	0	0	200	80	24	1
23	0	0	0	0	0	0	80	80	4	1
24	0	0	0	0	0	0	320	80	24	1
25	0	0	0	0	0	0	80	80	4	1
26	0	0	0	0	0	0	200	80	4	1
27	0	0	0	0	0	0	320	80	24	1
28	0	0	0	0	0	0	80	80	24	1
29	0	0	0	0	0	0	320	80	4	1
30	0	0	0	0	0	0	200	80	24	1
31	0	0	0	0	0	0	80	80	4	1
32	0	0	0	0	0	0	200	80	24	1
33	0	0	0	0	0	0	320	80	24	1
34	0	0	0	0	0	0	320	80	4	1
35	0	0	0	0	0	0	80	80	24	1
36	0	0	0	0	0	0	200	80	4	1
37	0	0	0	0	0	0	200	80	24	1
38	0	0	0	0	0	0	320	80	4	1
39	0	0	0	0	0	0	80	80	24	1
40	0	0	0	0	0	0	80	80	4	1
41	0	0	0	0	0	0	200	80	4	1
42	0	0	0	0	0	0	320	80	24	1
43	0	0	0	0	0	0	80	80	4	1
44	0	0	0	0	0	0	200	80	24	1
45	0	0	0	0	0	0	320	80	24	1
46	0	0	0	0	0	0	320	80	4	1
47	0	0	0	0	0	0	80	80	24	1
48	0	0	0	0	0	0	200	80	4	1
49	0	0	0	0	0	0	320	80	4	1
50	0	0	0	0	0	0	200	80	24	1
51	0	0	0	0	0	0	80	80	24	1
52	0	0	0	0	0	0	80	80	4	1
53	0	0	0	0	0	0	200	80	4	1
54	0	0	0	0	0	2	320	80	24	1
55	1	1	0	0	1.75	0	20	80	4	0
56	1	1	0	0	-1.75	3	20	80	4	0
57	0	0	0	0	0	0	320	80	4	1
58	1	1	0	0	1.75	0	320	80	4	1
59	0	0	0	0	0	0	320	80	4	1
60	0	0	0	0	0	0	80	80	4	1
61	1	1	0	0	-1.75	0	80	80	4	1
62	0	0	0	0	0	0	80	80	4	1
63	0	0	0	0	0	0	200	80	24	1
64	1	1	0	0	1.75	0	200	80	24	1
65	0	0	0	0	0	0	200	80	24	1
66	0	0	0	0	0	0	80	80	4	1
67	1	1	0	0	1.75	0	80	80	4	1
68	0	0	0	0	0	0	80	80	4	1
69	0	0	0	0	0	0	200	80	24	1
70	1	1	0	0	-1.75	0	200	80	24	1
71	0	0	0	0	0	0	200	80	24	1
72	0	0	0	0	0	0	320	80	4	1
73	1	1	0	0	-1.75	0	320	80	4	1
74	0	0	0	0	0	0	320	80	4	1
75	0	0	0	0	0	0	320	80	24	1
76	1	1	0	0	1.75	0	320	80	24	1
77	0	0	0	0	0	0	320	80	24	1
78	0	0	0	0	0	0	200	80	24	1
79	1	1	0	0	-1.75	0	200	80	24	1
80	0	0	0	0	0	0	200	80	24	1
81	0	0	0	0	0	0	80	80	4	1
82	1	1	0	0	1.75	0	80	80	4	1
83	0	0	0	0	0	0	80	80	4	1
84	0	0	0	0	0	0	80	80	4	1
85	1	1	0	0	-1.75	0	80	80	4	1
86	0	0	0	0	0	0	80	80	4	1
87	0	0	0	0	0	0	200	80	24	1
88	1	1	0	0	1.75	0	200	80	24	1
89	0	0	0	0	0	0	200	80	24	1
90	0	0	0	0	0	0	320	80	24	1
91	1	1	0	0	-1.75	0	320	80	24	1
92	0	0	0	0	0	0	320	80	24	1
93	0	0	0	0	0	0	320	80	24	1
94	1	1	0	0	1.75	0	320	80	24	1
95	0	0	0	0	0	0	320	80	24	1
96	0	0	0	0	0	0	80	80	4	1
97	1	1	0	0	-1.75	0	80	80	4	1
98	0	0	0	0	0	0	80	80	4	1
99	0	0	0	0	0	0	200	80	24	1
100	1	1	0	0	-1.75	0	200	80	24	1
101	0	0	0	0	0	0	200	80	24	1
102	0	0	0	0	0	0	80	80	4	1
103	1	1	0	0	1.75	0	80	80	4	1
104	0	0	0	0	0	0	80	80	4	1
105	0	0	0	0	0	0	200	80	24	1
106	1	1	0	0	1.75	0	200	80	24	1
107	0	0	0	0	0	0	200	80	24	1
108	0	0	0	0	0	0	320	80	24	1
109	1	1	0	0	-1.75	0	320	80	24	1
110	0	0	0	0	0	0	320	80	24	1
111	0	0	0	0	0	0	200	80	24	1
112	1	1	0	0	-1.75	0	200	80	24	1
113	0	0	0	0	0	0	200	80	24	1
114	0	0	0	0	0	0	80	80	4	1
115	1	1	0	0	1.75	0	80	80	4	1
116	0	0	0	0	0	0	80	80	4	1
117	0	0	0	0	0	0	320	80	4	1
118	1	1	0	0	1.75	0	320	80	4	1
119	0	0	0	0	0	0	320	80	4	1
120	0	0	0	0	0	0	80	80	4	1
121	1	1	0	0	-1.75	0	80	80	4	1
122	0	0	0	0	0	0	80	80	4	1
123	0	0	0	0	0	0	200	80	24	1
124	1	1	0	0	1.75	0	200	80	24	1
125	0	0	0	0	0	0	200	80	24	1
126	0	0	0	0	0	0	320	80	4	1
127	1	1	0	0	-1.75	0	320	80	4	1
128	0	0	0	0	0	0	320	80	4	1
129	0	0	0	0	0	0	80	80	4	1
130	1	1	0	0	-1.75	0	80	80	4	1
131	0	0	0	0	0	0	80	80	4	1
132	0	0	0	0	0	0	320	80	4	1
133	1	1	0	0	1.75	0	320	80	4	1
134	0	0	0	0	0	0	320	80	4	1
135	0	0	0	0	0	0	200	80	24	1
136	1	1	0	0	1.75	0	200	80	24	1
137	0	0	0	0	0	0	200	80	24	1
138	0	0	0	0	0	0	320	80	24	1
139	1	1	0	0	-1.75	0	320	80	24	1
140	0	0	0	0	0	0	320	80	24	1
141	0	0	0	0	0	0	80	80	4	1
142	1	1	0	0	-1.75	0	80	80	4	1
143	0	0	0	0	0	0	80	80	4	1
144	0	0	0	0	0	0	200	80	24	1
145	1	1	0	0	1.75	0	200	80	24	1
146	0	0	0	0	0	0	200	80	24	1
147	0	0	0	0	0	0	320	80	24	1
148	1	1	0	0	1.75	0	320	80	24	1
149	0	0	0	0	0	0	320	80	24	1
150	0	0	0	0	0	0	200	80	24	1
151	1	1	0	0	-1.75	0	200	80	24	1
152	0	0	0	0	0	0	200	80	24	1
153	0	0	0	0	0	0	80	80	4	1
154	1	1	0	0	1.75	0	80	80	4	1
155	0	0	0	0	0	0	80	80	4	1
156	0	0	0	0	0	0	320	80	4	1
157	1	1	0	0	-1.75	0	320	80	4	1
158	0	0	0	0	0	0	320	80	4	1
159	0	0	0	0	0	0	200	80	24	1
160	1	1	0	0	-1.75	0	200	80	24	1
161	0	0	0	0	0	0	200	80	24	1
162	0	0	0	0	0	0	80	80	4	1
163	1	1	0	0	1.75	0	80	80	4	1
164	0	0	0	0	0	0	80	80	4	1
165	0	0	0	0	0	0	320	80	4	1
166	1	1	0	0	-1.75	0	320	80	4	1
167	0	0	0	0	0	0	320	80	4	1
168	0	0	0	0	0	0	200	80	24	1
169	1	1	0	0	1.75	0	200	80	24	1
170	0	0	0	0	0	0	200	80	24	1
171	0	0	0	0	0	0	80	80	4	1
172	1	1	0	0	1.75	0	80	80	4	1
173	0	0	0	0	0	0	80	80	4	1
174	0	0	0	0	0	0	200	80	24	1
175	1	1	0	0	-1.75	0	200	80	24	1
176	0	0	0	0	0	0	200	80	24	1
177	0	0	0	0	0	0	80	80	4	1
178	1	1	0	0	1.75	0	80	80	4	1
179	0	0	0	0	0	0	80	80	4	1
180	0	0	0	0	0	0	320	80	4	1
181	1	1	0	0	1.75	0	320	80	4	1
182	0	0	0	0	0	0	320	80	4	1
183	0	0	0	0	0	0	200	80	24	1
184	1	1	0	0	-1.75	0	200	80	24	1
185	0	0	0	0	0	0	200	80	24	1
186	0	0	0	0	0	0	80	80	4	1
187	1	1	0	0	-1.75	0	80	80	4	1
188	0	0	0	0	0	0	80	80	4	1
189	0	0	0	0	0	0	320	80	24	1
190	1	1	0	0	1.75	0	320	80	24	1
191	0	0	0	0	0	0	320	80	24	1
192	0	0	0	0	0	0	80	80	4	1
193	1	1	0	0	-1.75	0	80	80	4	1
194	0	0	0	0	0	0	80	80	4	1
195	0	0	0	0	0	0	320	80	24	1
196	1	1	0	0	-1.75	0	320	80	24	1
197	0	0	0	0	0	0	320	80	24	1
198	0	0	0	0	0	0	200	80	24	1
199	1	1	0	0	1.75	0	200	80	24	1
200	0	0	0	0	0	0	200	80	24	1
201	0	0	0	0	0	0	320	80	4	1
202	1	1	0	0	-1.75	0	320	80	4	1
203	0	0	0	0	0	0	320	80	4	1
204	0	0	0	0	0	0	200	80	24	1
205	1	1	0	0	1.75	0	200	80	24	1
206	0	0	0	0	0	0	200	80	24	1
207	0	0	0	0	0	0	80	80	4	1
208	1	1	0	0	1.75	0	80	80	4	1
209	0	0	0	0	0	0	80	80	4	1
210	0	0	0	0	0	0	200	80	24	1
211	1	1	0	0	-1.75	0	200	80	24	1
212	0	0	0	0	0	0	200	80	24	1
213	0	0	0	0	0	0	320	80	4	1
214	1	1	0	0	1.75	0	320	80	4	1
215	0	0	0	0	0	0	320	80	4	1
216	0	0	0	0	0	0	80	80	4	1
217	1	1	0	0	-1.75	0	80	80	4	1
218	0	0	0	0	0	0	80	80	4	1
219	0	0	0	0	0	0	200	80	24	1
220	1	1	0	0	1.75	0	200	80	24	1
221	0	0	0	0	0	0	200	80	24	1
222	0	0	0	0	0	0	320	80	24	1
223	1	1	0	0	-1.75	0	320	80	24	1
224	0	0	0	0	0	0	320	80	24	1
225	0	0	0	0	0	0	80	80	4	1
226	1	1	0	0	1.75	0	80	80	4	1
227	0	0	0	0	0	0	80	80	4	1
228	0	0	0	0	0	0	320	80	24	1
229	1	1	0	0	1.75	0	320	80	24	1
230	0	0	0	0	0	0	320	80	24	1
231	0	0	0	0	0	0	80	80	4	1
232	1	1	0	0	-1.75	0	80	80	4	1
233	0	0	0	0	0	0	80	80	4	1
234	0	0	0	0	0	0	200	80	24	1
235	1	1	0	0	-1.75	0	200	80	24	1
236	0	0	0	0	0	0	200	80	24	1
237	0	0	0	0	0	0	200	80	24	1
238	1	1	0	0	1.75	0	200	80	24	1
239	0	0	0	0	0	0	200	80	24	1
240	0	0	0	0	0	0	320	80	24	1
241	1	1	0	0	-1.75	0	320	80	24	1
242	0	0	0	0	0	0	320	80	24	1
243	0	0	0	0	0	0	80	80	4	1
244	1	1	0	0	1.75	0	80	80	4	1
245	0	0	0	0	0	0	80	80	4	1
246	0	0	0	0	0	0	80	80	4	1
247	1	1	0	0	1.75	0	80	80	4	1
248	0	0	0	0	0	0	80	80	4	1
249	0	0	0	0	0	0	320	80	4	1
250	1	1	0	0	-1.75	0	320	80	4	1
251	0	0	0	0	0	0	320	80	4	1
252	0	0	0	0	0	0	200	80	24	1
253	1	1	0	0	-1.75	0	200	80	24	1
254	0	0	0	0	0	0	200	80	24	1
255	0	0	0	0	0	0	200	80	24	1
256	1	1	0	0	1.75	0	200	80	24	1
257	0	0	0	0	0	0	200	80	24	1
258	0	0	0	0	0	0	320	80	4	1
259	1	1	0	0	1.75	0	320	80	4	1
260	0	0	0	0	0	0	320	80	4	1
261	0	0	0	0	0	0	80	80	4	1
262	1	1	0	0	-1.75	0	80	80	4	1
263	0	0	0	0	0	0	80	80	4	1
264	0	0	0	0	0	0	200	80	24	1
265	1	1	0	0	-1.75	0	200	80	24	1
266	0	0	0	0	0	0	200	80	24	1
267	0	0	0	0	0	0	320	80	24	1
268	1	1	0	0	1.75	0	320	80	24	1
269	0	0	0	0	0	0	320	80	24	1
270	0	0	0	0	0	0	80	80	4	1
271	1	1	0	0	-1.75	0	80	80	4	1
272	0	0	0	0	0	0	80	80	4	1
273	0	0	0	0	0	0	320	80	24	1
274	1	1	0	0	1.75	0	320	80	24	1
275	0	0	0	0	0	0	320	80	24	1
276	0	0	0	0	0	0	80	80	4	1
277	1	1	0	0	-1.75	0	80	80	4	1
278	0	0	0	0	0	0	80	80	4	1
279	0	0	0	0	0	0	200	80	24	1
280	1	1	0	0	1.75	0	200	80	24	1
281	0	0	0	0	0	0	200	80	24	1
282	0	0	0	0	0	0	200	80	24	1
283	1	1	0	0	-1.75	0	200	80	24	1
284	0	0	0	0	0	0	200	80	24	1
285	0	0	0	0	0	0	80	80	4	1
286	1	1	0	0	1.75	0	80	80	4	1
287	0	0	0	0	0	0	80	80	4	1
288	0	0	0	0	0	0	320	80	24	1
289	1	1	0	0	-1.75	0	320	80	24	1
290	0	0	0	0	0	0	320	80	24	1
291	0	0	0	0	0	0	200	80	24	1
292	1	1	0	0	1.75	0	200	80	24	1
293	0	0	0	0	0	0	200	80	24	1
294	0	0	0	0	0	0	320	80	4	1
295	1	1	0	0	1.75	0	320	80	4	1
296	0	0	0	0	0	0	320	80	4	1
297	0	0	0	0	0	0	80	80	4	1
298	1	1	0	0	-1.75	0	80	80	4	1
299	0	0	0	0	0	0	80	80	4	1
300	0	0	0	0	0	0	80	80	4	1
301	1	1	0	0	1.75	0	80	80	4	1
302	0	0	0	0	0	0	80	80	4	1
303	0	0	0	0	0	0	320	80	4	1
304	1	1	0	0	-1.75	0	320	80	4	1
305	0	0	0	0	0	0	320	80	4	1
306	0	0	0	0	0	0	200	80	24	1
307	1	1	0	0	-1.75	0	200	80	24	1
308	0	0	0	0	0	0	200	80	24	1
309	0	0	0	0	0	0	80	80	4	1
310	1	1	0	0	1.75	0	80	80	4	1
311	0	0	0	0	0	0	80	80	4	1
312	0	0	0	0	0	0	320	80	4	1
313	1	1	0	0	-1.75	0	320	80	4	1
314	0	0	0	0	0	0	320	80	4	1
315	0	0	0	0	0	0	200	80	24	1
316	1	1	0	0	1.75	0	200	80	24	1
317	0	0	0	0	0	0	200	80	24	1
318	0	0	0	0	0	0	80	80	4	1
319	1	1	0	0	-1.75	0	80	80	4	1
320	0	0	0	0	0	0	80	80	4	1
321	0	0	0	0	0	0	320	80	24	1
322	1	1	0	0	1.75	0	320	80	24	1
323	0	0	0	0	0	0	320	80	24	1
324	0	0	0	0	0	0	200	80	24	1
325	1	1	0	0	-1.75	0	200	80	24	1
326	0	0	0	0	0	0	200	80	24	1
327	0	0	0	0	0	0	320	80	24	1
328	1	1	0	0	-1.75	0	320	80	24	1
329	0	0	0	0	0	0	320	80	24	1
330	0	0	0	0	0	0	80	80	4	1
331	1	1	0	0	1.75	0	80	80	4	1
332	0	0	0	0	0	0	80	80	4	1
333	0	0	0	0	0	0	200	80	24	1
334	1	1	0	0	-1.75	0	200	80	24	1
335	0	0	0	0	0	0	200	80	24	1
336	0	0	0	0	0	0	80	80	4	1
337	1	1	0	0	-1.75	0	80	80	4	1
338	0	0	0	0	0	0	80	80	4	1
339	0	0	0	0	0	0	320	80	4	1
340	1	1	0	0	1.75	0	320	80	4	1
341	0	0	0	0	0	0	320	80	4	1
342	0	0	0	0	0	0	200	80	24	1
343	1	1	0	0	1.75	0	200	80	24	1
344	0	0	0	0	0	0	200	80	24	1
345	0	0	0	0	0	0	80	80	4	1
346	1	1	0	0	-1.75	0	80	80	4	1
347	0	0	0	0	0	0	80	80	4	1
348	0	0	0	0	0	0	320	80	24	1
349	1	1	0	0	-1.75	0	320	80	24	1
350	0	0	0	0	0	0	320	80	24	1
351	0	0	0	0	0	0	200	80	24	1
352	1	1	0	0	1.75	0	200	80	24	1
353	0	0	0	0	0	0	200	80	24	1
354	0	0	0	0	0	0	320	80	4	1
355	1	1	0	0	-1.75	0	320	80	4	1
356	0	0	0	0	0	0	320	80	4	1
357	0	0	0	0	0	0	80	80	4	1
358	1	1	0	0	1.75	0	80	80	4	1
359	0	0	0	0	0	0	80	80	4	1
360	0	0	0	0	0	0	200	80	24	1
361	1	1	0	0	-1.75	0	200	80	24	1
362	0	0	0	0	0	0	200	80	24	1
363	0	0	0	0	0	0	320	80	4	1
364	1	1	0	0	1.75	0	320	80	4	1
365	0	0	0	0	0	0	320	80	4	1
366	0	0	0	0	0	0	200	80	24	1
367	1	1	0	0	1.75	0	200	80	24	1
368	0	0	0	0	0	0	200	80	24	1
369	0	0	0	0	0	0	80	80	4	1
370	1	1	0	0	-1.75	0	80	80	4	1
371	0	0	0	0	0	0	80	80	4	1
372	0	0	0	0	0	0	200	80	24	1
373	1	1	0	0	-1.75	0	200	80	24	1
374	0	0	0	0	0	0	200	80	24	1
375	0	0	0	0	0	0	80	80	4	1
376	1	1	0	0	1.75	0	80	80	4	1
377	0	0	0	0	0	0	80	80	4	1
378	0	0	0	0	0	0	320	80	24	1
379	1	1	0	0	1.75	0	320	80	24	1
380	0	0	0	0	0	0	320	80	24	1
381	0	0	0	0	0	0	320	80	24	1
382	1	1	0	0	-1.75	0	320	80	24	1
383	0	0	0	0	0	0	320	80	24	1
384	0	0	0	0	0	0	200	80	24	1
385	1	1	0	0	1.75	0	200	80	24	1
386	0	0	0	0	0	0	200	80	24	1
387	0	0	0	0	0	0	80	80	4	1
388	1	1	0	0	-1.75	0	80	80	4	1
389	0	0	0	0	0	0	80	80	4	1
390	0	0	0	0	0	0	320	80	4	1
391	1	1	0	0	1.75	0	320	80	4	1
392	0	0	0	0	0	0	320	80	4	1
393	0	0	0	0	0	0	200	80	24	1
394	1	1	0	0	-1.75	0	200	80	24	1
395	0	0	0	0	0	0	200	80	24	1
396	0	0	0	0	0	0	80	80	4	1
397	1	1	0	0	1.75	0	80	80	4	1
398	0	0	0	0	0	0	80	80	4	1
399	0	0	0	0	0	0	320	80	4	1
400	1	1	0	0	-1.75	0	320	80	4	1
401	0	0	0	0	0	0	320	80	4	1
402	0	0	0	0	0	0	80	80	4	1
403	1	1	0	0	1.75	0	80	80	4	1
404	0	0	0	0	0	0	80	80	4	1
405	0	0	0	0	0	0	200	80	24	1
406	1	1	0	0	1.75	0	200	80	24	1
407	0	0	0	0	0	0	200	80	24	1
408	0	0	0	0	0	0	80	80	4	1
409	1	1	0	0	-1.75	0	80	80	4	1
410	0	0	0	0	0	0	80	80	4	1
411	0	0	0	0	0	0	200	80	24	1
412	1	1	0	0	-1.75	0	200	80	24	1
413	0	0	0	0	0	0	200	80	24	1
414	0	0	0	0	0	0	320	80	24	1
415	1	1	0	0	1.75	0	320	80	24	1
416	0	0	0	0	0	0	320	80	24	1
417	0	0	0	0	0	0	80	80	4	1
418	1	1	0	0	-1.75	0	80	80	4	1
419	0	0	0	0	0	0	80	80	4	1
420	0	0	0	0	0	0	320	80	24	1
421	1	1	0	0	1.75	0	320	80	24	1
422	0	0	0	0	0	0	320	80	24	1
423	0	0	0	0	0	0	200	80	24	1
424	1	1	0	0	1.75	0	200	80	24	1
425	0	0	0	0	0	0	200	80	24	1
426	0	0	0	0	0	0	80	80	4	1
427	1	1	0	0	-1.75	0	80	80	4	1
428	0	0	0	0	0	0	80	80	4	1
429	0	0	0	0	0	0	320	80	4	1
430	1	1	0	0	1.75	0	320	80	4	1
431	0	0	0	0	0	0	320	80	4	1
432	0	0	0	0	0	0	200	80	24	1
433	1	1	0	0	1.75	0	200	80	24	1
434	0	0	0	0	0	0	200	80	24	1
435	0	0	0	0	0	0	320	80	24	1
436	1	1	0	0	-1.75	0	320	80	24	1
437	0	0	0	0	0	0	320	80	24	1
438	0	0	0	0	0	0	80	80	4	1
439	1	1	0	0	1.75	0	80	80	4	1
440	0	0	0	0	0	0	80	80	4	1
441	0	0	0	0	0	0	200	80	24	1
442	1	1	0	0	-1.75	0	200	80	24	1
443	0	0	0	0	0	0	200	80	24	1
444	0	0	0	0	0	0	80	80	4	1
445	1	1	0	0	1.75	0	80	80	4	1
446	0	0	0	0	0	0	80	80	4	1
447	0	0	0	0	0	0	200	80	24	1
448	1	1	0	0	-1.75	0	200	80	24	1
449	0	0	0	0	0	0	200	80	24	1
450	0	0	0	0	0	0	320	80	4	1
451	1	1	0	0	-1.75	0	320	80	4	1
452	0	0	0	0	0	0	320	80	4	1
453	0	0	0	0	0	0	320	80	4	1
454	1	1	0	0	1.75	0	320	80	4	1
455	0	0	0	0	0	0	320	80	4	1
456	0	0	0	0	0	0	80	80	4	1
457	1	1	0	0	1.75	0	80	80	4	1
458	0	0	0	0	0	0	80	80	4	1
459	0	0	0	0	0	0	200	80	24	1
460	1	1	0	0	-1.75	0	200	80	24	1
461	0	0	0	0	0	0	200	80	24	1
462	0	0	0	0	0	0	80	80	4	1
463	1	1	0	0	1.75	0	80	80	4	1
464	0	0	0	0	0	0	80	80	4	1
465	0	0	0	0	0	0	200	80	24	1
466	1	1	0	0	-1.75	0	200	80	24	1
467	0	0	0	0	0	0	200	80	24	1
468	0	0	0	0	0	0	320	80	24	1
469	1	1	0	0	1.75	0	320	80	24	1
470	0	0	0	0	0	0	320	80	24	1
471	0	0	0	0	0	0	80	80	4	1
472	1	1	0	0	-1.75	0	80	80	4	1
473	0	0	0	0	0	0	80	80	4	1
474	0	0	0	0	0	0	200	80	24	1
475	1	1	0	0	1.75	0	200	80	24	1
476	0	0	0	0	0	0	200	80	24	1
477	0	0	0	0	0	0	320	80	24	1
478	1	1	0	0	-1.75	0	320	80	24	1
479	0	0	0	0	0	0	320	80	24	1
480	0	0	0	0	0	0	200	80	24	1
481	1	1	0	0	1.75	0	200	80	24	1
482	0	0	0	0	0	0	200	80	24	1
483	0	0	0	0	0	0	320	80	4	1
484	1	1	0	0	-1.75	0	320	80	4	1
485	0	0	0	0	0	0	320	80	4	1
486	0	0	0	0	0	0	80	80	4	1
487	1	1	0	0	-1.75	0	80	80	4	1
488	0	0	0	0	0	0	80	80	4	1
489	0	0	0	0	0	0	320	80	24	1
490	1	1	0	0	1.75	0	320	80	24	1
491	0	0	0	0	0	0	320	80	24	1
492	0	0	0	0	0	0	80	80	4	1
493	1	1	0	0	-1.75	0	80	80	4	1
494	0	0	0	0	0	0	80	80	4	1
495	0	0	0	0	0	0	200	80	24	1
496	1	1	0	0	-1.75	0	200	80	24	1
497	0	0	0	0	0	0	200	80	24	1
498	0	0	0	0	0	0	200	80	24	1
499	1	1	0	0	1.75	0	200	80	24	1
500	0	0	0	0	0	0	200	80	24	1
501	0	0	0	0	0	0	80	80	4	1
502	1	1	0	0	1.75	0	80	80	4	1
503	0	0	0	0	0	0	80	80	4	1
504	0	0	0	0	0	0	320	80	24	1
505	1	1	0	0	-1.75	0	320	80	24	1
506	0	0	0	0	0	0	320	80	24	1
507	0	0	0	0	0	0	200	80	24	1
508	1	1	0	0	1.75	0	200	80	24	1
509	0	0	0	0	0	0	200	80	24	1
510	0	0	0	0	0	0	80	80	4	1
511	1	1	0	0	-1.75	0	80	80	4	1
512	0	0	0	0	0	0	80	80	4	1
513	0	0	0	0	0	0	320	80	4	1
514	1	1	0	0	1.75	0	320	80	4	1
515	0	0	0	0	0	0	320	80	4	1
516	0	0	0	0	0	0	320	80	4	1
517	1	1	0	0	-1.75	0	320	80	4	1
518	0	0	0	0	0	0	320	80	4	1
519	0	0	0	0	0	0	200	80	24	1
520	1	1	0	0	-1.75	0	200	80	24	1
521	0	0	0	0	0	0	200	80	24	1
522	0	0	0	0	0	0	80	80	4	1
523	1	1	0	0	1.75	0	80	80	4	1
524	0	0	0	0	0	0	80	80	4	1
525	0	0	0	0	0	0	320	80	24	1
526	1	1	0	0	-1.75	0	320	80	24	1
527	0	0	0	0	0	0	320	80	24	1
528	0	0	0	0	0	0	80	80	4	1
529	1	1	0	0	1.75	0	80	80	4	1
530	0	0	0	0	0	0	80	80	4	1
531	0	0	0	0	0	0	200	80	24	1
532	1	1	0	0	-1.75	0	200	80	24	1
533	0	0	0	0	0	0	200	80	24	1
534	0	0	0	0	0	0	80	80	4	1
535	1	1	0	0	-1.75	0	80	80	4	1
536	0	0	0	0	0	0	80	80	4	1
537	0	0	0	0	0	0	320	80	4	1
538	1	1	0	0	1.75	0	320	80	4	1
539	0	0	0	0	0	0	320	80	4	1
540	0	0	0	0	0	0	200	80	24	1
541	1	1	0	0	1.75	0	200	80	24	1
542	0	0	0	0	0	0	200	80	24	1
543	0	0	0	0	0	0	80	80	4	1
544	1	1	0	0	-1.75	0	80	80	4	1
545	0	0	0	0	0	0	80	80	4	1
546	0	0	0	0	0	0	320	80	24	1
547	1	1	0	0	1.75	0	320	80	24	1
548	0	0	0	0	0	0	320	80	24	1
549	0	0	0	0	0	0	200	80	24	1
550	1	1	0	0	-1.75	0	200	80	24	1
551	0	0	0	0	0	0	200	80	24	1
552	0	0	0	0	0	0	80	80	4	1
553	1	1	0	0	1.75	0	80	80	4	1
554	0	0	0	0	0	0	80	80	4	1
555	0	0	0	0	0	0	200	80	24	1
556	1	1	0	0	1.75	0	200	80	24	1
557	0	0	0	0	0	0	200	80	24	1
558	0	0	0	0	0	0	320	80	4	1
559	1	1	0	0	-1.75	0	320	80	4	1
560	0	0	0	0	0	0	320	80	4	1
561	0	0	0	0	0	0	80	80	4	1
562	1	1	0	0	-1.75	0	80	80	4	1
563	0	0	0	0	0	0	80	80	4	1
564	0	0	0	0	0	0	200	80	24	1
565	1	1	0	0	1.75	0	200	80	24	1
566	0	0	0	0	0	0	200	80	24	1
567	0	0	0	0	0	0	320	80	24	1
568	1	1	0	0	-1.75	0	320	80	24	1
569	0	0	0	0	0	0	320	80	24	1
570	0	0	0	0	0	0	80	80	4	1
571	1	1	0	0	-1.75	0	80	80	4	1
572	0	0	0	0	0	0	80	80	4	1
573	0	0	0	0	0	0	200	80	24	1
574	1	1	0	0	1.75	0	200	80	24	1
575	0	0	0	0	0	0	200	80	24	1
576	0	0	0	0	0	0	320	80	24	1
577	1	1	0	0	1.75	0	320	80	24	1
578	0	0	0	0	0	0	320	80	24	1
579	0	0	0	0	0	0	200	80	24	1
580	1	1	0	0	-1.75	0	200	80	24	1
581	0	0	0	0	0	0	200	80	24	1
582	0	0	0	0	0	0	80	80	4	1
583	1	1	0	0	1.75	0	80	80	4	1
584	0	0	0	0	0	0	80	80	4	1
585	0	0	0	0	0	0	320	80	4	1
586	1	1	0	0	-1.75	0	320	80	4	1
587	0	0	0	0	0	0	320	80	4	1
588	0	0	0	0	0	0	80	80	4	1
589	1	1	0	0	1.75	0	80	80	4	1
590	0	0	0	0	0	0	80	80	4	1
591	0	0	0	0	0	0	200	80	24	1
592	1	1	0	0	-1.75	0	200	80	24	1
593	0	0	0	0	0	0	200	80	24	1
594	0	0	0	0	0	0	320	80	4	1
595	1	1	0	0	1.75	0	320	80	4	1
596	0	0	0	0	0	0	320	80	4	1
597	0	0	0	0	0	0	80	80	4	1
598	1	1	0	0	-1.75	0	80	80	4	1
599	0	0	0	0	0	0	80	80	4	1
600	0	0	0	0	0	0	200	80	24	1
601	1	1	0	0	1.75	0	200	80	24	1
602	0	0	0	0	0	0	200	80	24	1
603	0	0	0	0	0	0	320	80	24	1
604	1	1	0	0	-1.75	0	320	80	24	1
605	0	0	0	0	0	0	320	80	24	1
606	0	0	0	0	0	0	80	80	4	1
607	1	1	0	0	1.75	0	80	80	4	1
608	0	0	0	0	0	0	80	80	4	1
609	0	0	0	0	0	0	320	80	4	1
610	1	1	0	0	1.75	0	320	80	4	1
611	0	0	0	0	0	0	320	80	4	1
612	0	0	0	0	0	0	200	80	24	1
613	1	1	0	0	-1.75	0	200	80	24	1
614	0	0	0	0	0	0	200	80	24	1
615	0	0	0	0	0	0	320	80	24	1
616	1	1	0	0	1.75	0	320	80	24	1
617	0	0	0	0	0	0	320	80	24	1
618	0	0	0	0	0	0	200	80	24	1
619	1	1	0	0	1.75	0	200	80	24	1
620	0	0	0	0	0	0	200	80	24	1
621	0	0	0	0	0	0	80	80	4	1
622	1	1	0	0	-1.75	0	80	80	4	1
623	0	0	0	0	0	0	80	80	4	1
624	0	0	0	0	0	0	80	80	4	1
625	1	1	0	0	1.75	0	80	80	4	1
626	0	0	0	0	0	0	80	80	4	1
627	0	0	0	0	0	0	200	80	24	1
628	1	1	0	0	-1.75	0	200	80	24	1
629	0	0	0	0	0	0	200	80	24	1
630	0	0	0	0	0	0	320	80	4	1
631	1	1	0	0	-1.75	0	320	80	4	1
632	0	0	0	0	0	0	320	80	4	1
